Diff length	Asy_Ratio	Albedo	PCE
200	0.8	0.35	0.7326
900	0.5	0.9	5.17
700	0.8	0.65	3.51
1000	0.25	0.2	0.5698
1000	1	0.2	1.9228
700	0.33	0.35	1.2099
700	1	0.35	3.0451
400	0.25	0.65	0.5925
500	0.33	0.35	0.8769
0.25	0.1	0.95	0.0855
1	0.1	3.99	0.3591
600	0.5	0.9	4.21
0.25	0.1	1.75	0.1575
400	0.33	0.2	0.3388
0.33	0.1	2.89	0.2601
900	1	0.9	8.64
500	1	0.9	7.33
500	1	0.65	5.4975
500	0.67	0.2	0.5214
100	0.8	0.65	0.93
700	0.5	0.2	1.0516
100	0.8	0.9	1.24
300	0.8	0.9	2.32
1000	0.5	0.35	2.1386
0.33	0.1	2.37	0.2133
400	0.25	0.2	0.1738
200	0.5	0.65	0.87
1	0.1	8.74	0.7866
0.5	0.1	1.42	0.1278
900	0.5	0.65	3.8775
400	1	0.2	1.1594
600	0.25	0.65	1.095
100	0.67	0.65	0.63
600	1	0.9	7.92
0.25	0.1	0.79	0.0711
100	1	0.35	0.4699
1000	0.8	0.65	5.085
400	0.5	0.9	2.67
900	0.25	0.9	2.39
0.8	0.1	3.68	0.3312
800	0.25	0.2	0.4488
800	1	0.65	6.3075
1000	0.25	0.65	1.9425
700	0.8	0.35	1.7316
500	0.33	0.65	1.7775
1000	0.33	0.9	4.56
600	0.33	0.35	1.0693
700	0.25	0.65	1.3125
500	0.8	0.9	3.68
0.67	0.1	2.37	0.2133
800	0.5	0.9	4.92
800	1	0.35	3.1117
800	1	0.2	1.8502
0.33	0.1	4.09	0.3681
600	0.67	0.65	2.0925
900	0.67	0.65	2.9775
1	0.1	8.64	0.7776
800	0.33	0.35	1.3986
200	0.8	0.2	0.4356
900	0.8	0.9	5.93
0.8	0.1	2.79	0.2511
1	0.1	5.27	0.4743
0.25	0.1	0.49	0.0441
400	1	0.65	3.9525
0.5	0.1	5.17	0.4653
0.67	0.1	4.21	0.3789
400	0.33	0.9	1.54
600	0.33	0.2	0.6358
700	0.8	0.2	1.0296
800	0.25	0.9	2.04
0.5	0.1	4.21	0.3789
1000	0.5	0.9	5.78
300	0.8	0.65	1.74
200	0.8	0.65	1.485
800	0.5	0.65	3.69
1000	0.5	0.2	1.2716
700	0.33	0.2	0.7194
100	0.67	0.2	0.1848
300	0.5	0.35	0.5254
200	0.33	0.9	0.78
700	0.25	0.9	1.75
0.33	0.1	0.92	0.0828
1000	0.8	0.35	2.5086
900	0.67	0.35	1.4689
300	1	0.35	1.4763
900	0.33	0.2	0.8998
1000	0.8	0.9	6.78
0.33	0.1	4.56	0.4104
900	0.67	0.2	0.8734
1000	0.33	0.65	3.42
300	0.5	0.2	0.3124
300	0.5	0.9	1.42
900	0.8	0.35	2.1941
300	0.25	0.35	0.2368
500	0.25	0.9	0.95
1000	0.67	0.65	3.1575
600	0.67	0.2	0.6138
100	0.25	0.65	0.285
500	1	0.2	1.6126
800	0.67	0.65	2.835
600	0.25	0.9	1.46
800	0.8	0.65	3.9525
700	0.67	0.9	3.21
0.8	0.1	1.98	0.1782
0.8	0.1	2.32	0.2088
600	0.8	0.9	4.22
100	0.25	0.35	0.1406
0.25	0.1	1.46	0.1314
100	0.33	0.2	0.099
100	0.33	0.9	0.45
200	0.5	0.2	0.2552
300	0.8	0.2	0.5104
300	0.25	0.65	0.48
200	0.67	0.9	0.99
300	0.8	0.35	0.8584
400	0.67	0.9	1.78
500	0.5	0.9	3.85
0.67	0.1	2.79	0.2511
600	0.25	0.35	0.5402
400	0.5	0.2	0.5874
900	1	0.2	1.9008
600	0.25	0.2	0.3212
100	1	0.65	0.9525
500	0.33	0.9	2.37
400	0.8	0.2	0.6138
0.8	0.1	4.22	0.3798
700	0.5	0.35	1.7686
1000	0.33	0.35	1.6872
200	0.33	0.2	0.1716
0.33	0.1	3.78	0.3402
300	0.25	0.2	0.1408
200	0.8	0.9	1.98
200	0.33	0.65	0.585
500	0.5	0.35	1.4245
700	1	0.9	8.23
0.5	0.1	4.78	0.4302
600	0.8	0.35	1.5614
600	0.33	0.65	2.1675
400	0.33	0.35	0.5698
400	0.25	0.9	0.79
1000	0.67	0.2	0.9262
1000	1	0.35	3.2338
300	0.67	0.2	0.2288
0.8	0.1	5.93	0.5337
800	0.5	0.35	1.8204
700	0.67	0.65	2.4075
500	0.25	0.35	0.3515
400	0.5	0.35	0.9879
900	1	0.35	3.1968
100	1	0.9	1.27
300	1	0.2	0.8778
400	0.67	0.35	0.6586
600	0.8	0.65	3.165
200	0.25	0.65	0.3675
500	0.67	0.35	0.8769
600	0.5	0.35	1.5577
1000	1	0.9	8.74
1000	0.67	0.9	4.21
500	0.67	0.9	2.37
700	1	0.65	6.1725
700	0.5	0.9	4.78
0.33	0.1	0.78	0.0702
0.67	0.1	3.78	0.3402
800	0.25	0.65	1.53
600	0.5	0.2	0.9262
900	0.33	0.65	3.0675
800	0.8	0.9	5.27
100	0.25	0.9	0.38
1000	0.5	0.65	4.335
0.5	0.1	0.58	0.0522
0.5	0.1	2.67	0.2403
0.25	0.1	2.59	0.2331
600	1	0.65	5.94
700	0.25	0.35	0.6475
300	0.67	0.35	0.3848
0.25	0.1	2.39	0.2151
700	0.33	0.9	3.27
0.8	0.1	4.68	0.4212
600	0.8	0.2	0.9284
100	0.8	0.2	0.2728
100	0.25	0.2	0.0836
900	0.33	0.35	1.5133
100	0.67	0.35	0.3108
800	0.67	0.35	1.3986
400	0.25	0.35	0.2923
200	1	0.65	2.0025
300	0.67	0.9	1.04
300	0.25	0.9	0.64
300	1	0.65	2.9925
100	1	0.2	0.2794
1	0.1	2.67	0.2403
700	1	0.2	1.8106
1000	0.8	0.2	1.4916
200	0.67	0.35	0.3663
500	0.25	0.2	0.209
800	0.33	0.2	0.8316
1	0.1	1.27	0.1143
0.5	0.1	1.16	0.1044
300	0.33	0.9	0.92
700	0.5	0.65	3.585
1000	1	0.65	6.555
600	0.33	0.9	2.89
300	1	0.9	3.99
900	0.8	0.2	1.3046
500	0.33	0.2	0.5214
0.8	0.1	1.24	0.1116
0.67	0.1	3.97	0.3573
0.5	0.1	4.92	0.4428
900	0.25	0.65	1.7925
700	0.33	0.65	2.4525
1	0.1	7.33	0.6597
100	0.5	0.35	0.2146
500	0.8	0.2	0.8096
400	0.8	0.9	2.79
700	0.67	0.35	1.1877
800	0.5	0.2	1.0824
100	0.5	0.65	0.435
0.25	0.1	0.64	0.0576
100	0.5	0.9	0.58
900	0.25	0.35	0.8843
0.8	0.1	5.27	0.4743
200	0.25	0.9	0.49
500	0.8	0.35	1.3616
1	0.1	7.92	0.7128
300	0.67	0.65	0.78
100	0.5	0.2	0.1276
900	0.67	0.9	3.97
400	1	0.9	5.27
1000	0.33	0.2	1.0032
200	0.5	0.35	0.4292
500	0.67	0.65	1.7775
500	1	0.35	2.7121
500	0.25	0.65	0.7125
600	1	0.35	2.9304
800	0.8	0.35	1.9499
900	0.5	0.2	1.1374
1	0.1	8.41	0.7569
900	1	0.65	6.48
1000	0.25	0.35	0.9583
800	0.33	0.9	3.78
1	0.1	8.23	0.7407
400	1	0.35	1.9499
800	1	0.9	8.41
100	0.33	0.65	0.3375
900	0.8	0.65	4.4475
800	0.67	0.9	3.78
400	0.8	0.35	1.0323
1000	0.67	0.35	1.5577
0.25	0.1	2.04	0.1836
900	0.25	0.2	0.5258
200	0.67	0.65	0.7425
900	0.33	0.9	4.09
800	0.8	0.2	1.1594
200	0.25	0.35	0.1813
700	0.67	0.2	0.7062
0.67	0.1	0.84	0.0756
0.67	0.1	1.04	0.0936
400	0.33	0.65	1.155
300	0.5	0.65	1.065
800	0.33	0.65	2.835
300	0.33	0.2	0.2024
0.33	0.1	1.54	0.1386
200	0.25	0.2	0.1078
0.8	0.1	6.78	0.6102
400	0.67	0.65	1.335
800	0.25	0.35	0.7548
500	0.5	0.65	2.8875
0.25	0.1	0.38	0.0342
0.5	0.1	5.78	0.5202
200	0.5	0.9	1.16
100	0.33	0.35	0.1665
800	0.67	0.2	0.8316
200	0.67	0.2	0.2178
300	0.33	0.65	0.69
500	0.8	0.65	2.76
400	0.5	0.65	2.0025
200	0.33	0.35	0.2886
0.67	0.1	0.99	0.0891
0.33	0.1	3.27	0.2943
0.67	0.1	1.78	0.1602
200	1	0.2	0.5874
700	0.8	0.9	4.68
200	1	0.35	0.9879
300	0.33	0.35	0.3404
100	0.8	0.35	0.4588
900	0.5	0.35	1.9129
0.5	0.1	3.85	0.3465
400	0.8	0.65	2.0925
500	0.5	0.2	0.847
0.33	0.1	0.45	0.0405
600	0.5	0.65	3.1575
400	0.67	0.2	0.3916
1000	0.25	0.9	2.59
600	0.67	0.9	2.79
600	1	0.2	1.7424
600	0.67	0.35	1.0323
100	0.67	0.9	0.84
200	1	0.9	2.67
700	0.25	0.2	0.385
0.67	0.1	3.21	0.2889
